AA 100 100 100000
AB 200 200 200000
AC 300 300 300000
AD 400 400 400000
AE 500 500 500000
AF 681 324 651686
AG 651 987 656468
AH 678 679 803541
AI 123 468 412479
AJ 864 864 451855
AK 986 351 556516
AL 616 165 544652
AM 134 163 152643
AN 134 565 126451
AO 125 436 354123
AP 354 213 353244
AQ 256 472 792564
AR 981 421 352141
AS 255 464 723758
AT 872 817 435281
AU 212 200 144741
AV 813 948 148887
AW 652 230 510914
AX 196 947 482579
AY 101 876 856927
AZ 106 643 803072
BA 115 577 670594
BB 120 158 599341
BC 128 742 243732
BD 171 439 365742
BE 173 664 584215
BF 179 476 483073
BG 204 281 507249
BH 212 677 630190
BI 233 626 960023
BJ 239 449 284699
BK 239 637 383748
BL 242 313 322746
BM 251 698 688188
BN 261 561 736077
BO 293 402 010937
BP 299 733 947217
BQ 309 906 923350
BR 311 636 664733
BS 311 910 994199
BT 314 831 240673
BU 325 310 474791
BV 380 888 166485
BW 427 370 278059
BX 476 378 240114
BY 576 326 607872
BZ 963 148 777713